Accuracy: 0.37720151269584007
F1: 0.3196877385238148
